##TITLE= Parameter file, TopSpin 3.5 pl 6
##JCAMPDX= 5.0
##DATATYPE= Parameter Values
##NPOINTS= 1	$$ modification sequence number
##ORIGIN= Bruker BioSpin GmbH
##OWNER= gif
$$ 2019-05-04 15:11:38.531 +0200  gif@dumbo
$$ /data_Gif/data/florian/nmr/Mcl1_13C15N_100uM_190408/3/pdata/1/clevels
$$ process /opt/topspin3.5pl6/prog/mod/edparproc
##$LEVELS= (0..255)
-142425.8 -118688.2 -98906.8 -82422.3 -68685.3 -57237.7 -47698.1 -39748.4
-33123.7 -27603.1 -23002.6 -19168.8 -15974 -13311.7 -11093.1 -9244.2 -7703.5
-6419.6 -5349.7 -4458.1 -3715 -3095.9 -2579.9 -2149.9 -1791.6 -1493 -1244.2
-1036.8 -864 -720 -600 -500 500 600 720 864 1036.8 1244.2 1493 1791.6 2149.9
2579.9 3095.9 3715 4458.1 5349.7 6419.6 7703.5 9244.2 11093.1 13311.7 15974
19168.8 23002.6 27603.1 33123.7 39748.4 47698.1 57237.7 68685.3 82422.3
98906.8 118688.2 142425.8 0 0 0 0 0 0 0 0 0 0 0 0 0 0 0 0 0 0 0 0 0 0 0
0 0 0 0 0 0 0 0 0 0 0 0 0 0 0 0 0 0 0 0 0 0 0 0 0 0 0 0 0 0 0 0 0 0 0 0
0 0 0 0 0 0 0 0 0 0 0 0 0 0 0 0 0 0 0 0 0 0 0 0 0 0 0 0 0 0 0 0 0 0 0 0
0 0 0 0 0 0 0 0 0 0 0 0 0 0 0 0 0 0 0 0 0 0 0 0 0 0 0 0 0 0 0 0 0 0 0 0
0 0 0 0 0 0 0 0 0 0 0 0 0 0 0 0 0 0 0 0 0 0 0 0 0 0 0 0 0 0 0 0 0 0 0 0
0 0 0 0 0 0 0 0 0 0 0 0 0 0 0 0 0 0 0 0 0 0 0 0 0
##$LEVSIGN= 3
##$MAXLEV= 64
##$METHOD= 0
##$NEGBASE= -500
##$NEGINCR= 1.2
##$POSBASE= 500
##$POSINCR= 1.2
##END=
